35 34
0 1
1 2 
2 3 
3 4
4 5
5 6
7 8
8 9
9 10 
10 11
11 12
12 13
13 14
14 15
2 16
2 17
17 18
17 19
19 20
5 21
21 22
21 23
9 24
24 25
25 26
11 27
27 28
27 29 
29 30
13 31
31 32
31 33
14 3435 34
0 1
1 2 
2 3 
3 4
4 5
5 6
7 8
8 9
9 10 
10 11
11 12
12 13
13 14
14 15
2 16
2 17
17 18
17 19
19 20
5 21
21 22
21 23
9 24
24 25
25 26
11 27
27 28
27 29 
29 30
13 31
31 32
31 33
14 3435 34
0 1
1 2 
2 3 
3 4
4 5
5 6
7 8
8 9
9 10 
10 11
11 12
12 13
13 14
14 15
2 16
2 17
17 18
17 19
19 20
5 21
21 22
21 23
9 24
24 25
25 26
11 27
27 28
27 29 
29 30
13 31
31 32
31 33
14 3435 34
0 1
1 2 
2 3 
3 4
4 5
5 6
7 8
8 9
9 10 
10 11
11 12
12 13
13 14
14 15
2 16
2 17
17 18
17 19
19 20
5 21
21 22
21 23
9 24
24 25
25 26
11 27
27 28
27 29 
29 30
13 31
31 32
31 33
14 3435 34
0 1
1 2 
2 3 
3 4
4 5
5 6
7 8
8 9
9 10 
10 11
11 12
12 13
13 14
14 15
2 16
2 17
17 18
17 19
19 20
5 21
21 22
21 23
9 24
24 25
25 26
11 27
27 28
27 29 
29 30
13 31
31 32
31 33
14 3435 34
0 1
1 2 
2 3 
3 4
4 5
5 6
7 8
8 9
9 10 
10 11
11 12
12 13
13 14
14 15
2 16
2 17
17 18
17 19
19 20
5 21
21 22
21 23
9 24
24 25
25 26
11 27
27 28
27 29 
29 30
13 31
31 32
31 33
14 3435 34
0 1
1 2 
2 3 
3 4
4 5
5 6
7 8
8 9
9 10 
10 11
11 12
12 13
13 14
14 15
2 16
2 17
17 18
17 19
19 20
5 21
21 22
21 23
9 24
24 25
25 26
11 27
27 28
27 29 
29 30
13 31
31 32
31 33
14 3435 34
0 1
1 2 
2 3 
3 4
4 5
5 6
7 8
8 9
9 10 
10 11
11 12
12 13
13 14
14 15
2 16
2 17
17 18
17 19
19 20
5 21
21 22
21 23
9 24
24 25
25 26
11 27
27 28
27 29 
29 30
13 31
31 32
31 33
14 3435 34
0 1
1 2 
2 3 
3 4
4 5
5 6
7 8
8 9
9 10 
10 11
11 12
12 13
13 14
14 15
2 16
2 17
17 18
17 19
19 20
5 21
21 22
21 23
9 24
24 25
25 26
11 27
27 28
27 29 
29 30
13 31
31 32
31 33
14 34
